52
76
40
88
99
98
87
83
93
89
92
50
50
76
97
68
82
97
78
75
47
66
49
40
65
57
44
99
88
64
46
67
46
69
84
67
52
59
99
99
89
42
89
86
78
94
68
45
40
88
40
64
89
78
46
98
77
96
72
74
94
67
44
85
88
93
100
99
77
89
42
52
90
61
67
45
79
66
40
46
45
64
79
84
75
98
82
79
65
42
80
53
56
82
69
85
81
93
73
74
88
92
85
61
92
51
70
68
95
77
87
73
40
48
97
60
80
99
43
62
72
100
54
98
93
88
54
63
56
91
98
82
100
44
55
83
49
64
72
95
58
61
46
59
41
72
100
98
77
90
75
93
65
86
71
75
76
94
48
54
95
81
73
47
83
57
80
100
44
82
63
56
92
51
50
96
74
95
61
45
41
65
49
58
61
86
78
56
84
89
72
68
59
41
67
43
52
51
87
63
97
48
66
79
86
44
86
46
71
61
86
85
44
95
48
62
90
58
78
73
87
43
58
41
60
82
48
52
97
56
65
43
94
76
71
52
73
74
63
97
49
51
97
53
78
95
40
78
61
92
65
96
64
68
70
41
84
57
89
92
71
98
67
82
90
61
46
100
45
78
80
99
73
65
53
84
80
91
71
43
50
46
43
41
78
52
50
51
89
77
70
44
66
77
94
91
73
73
65
58
