23
13
42
19
18
27
25
46
50
49
36
27
25
16
30
35
6
14
48
11
28
14
19
14
34
13
38
44
30
50
45
37
41
49
5
17
41
18
18
50
48
13
42
25
50
10
47
38
18
48
40
22
10
17
34
45
22
46
6
11
29
6
25
15
19
31
49
37
46
32
14
29
31
20
12
19
6
26
26
42
32
44
38
6
32
39
36
15
39
5
32
28
34
5
26
21
28
15
38
30
48
20
21
12
30
47
27
35
16
21
38
20
10
11
6
35
50
32
17
29
47
47
34
13
27
7
46
12
30
43
50
10
15
45
48
48
38
20
28
47
32
14
35
5
20
16
36
45
27
27
28
42
37
42
33
20
15
10
17
19
45
6
49
45
31
23
21
49
19
12
40
10
43
38
45
34
19
31
42
44
27
44
7
10
42
41
25
19
28
44
